20
100 418
25 61
61 91
91 88
88 68
68 58
58 97
97 60
60 5
5 83
83 99
99 18
18 92
92 28
28 24
24 51
51 64
64 19
19 76
76 73
73 75
75 53
53 11
11 93
93 90
90 46
46 69
69 78
78 39
39 57
57 85
85 34
34 30
30 45
45 14
14 26
26 41
41 87
87 0
0 52
52 70
70 35
35 16
16 6
6 29
29 98
98 4
4 96
96 12
12 72
72 3
3 80
80 36
36 23
23 66
66 15
15 9
9 31
31 33
33 1
1 55
55 56
56 27
27 8
8 54
54 79
79 84
84 44
44 37
37 74
74 13
13 50
50 63
63 77
77 43
43 59
59 95
95 49
49 2
2 47
47 67
67 48
48 40
40 22
22 7
7 10
10 71
71 62
62 82
82 17
17 21
21 65
65 38
38 86
86 32
32 42
42 89
89 94
94 81
81 20
25 91
25 68
25 58
25 60
61 97
61 99
61 64
91 58
91 97
91 60
91 83
91 92
88 58
88 97
88 60
88 11
68 97
68 60
68 5
68 19
58 60
58 28
58 73
97 83
97 99
97 18
97 11
60 83
60 18
60 64
5 18
5 51
5 64
83 18
83 92
83 28
83 64
83 19
83 53
99 92
99 24
99 64
99 76
99 73
18 24
18 51
18 75
18 34
92 19
92 76
92 11
28 51
28 64
28 19
28 76
28 73
28 53
28 39
24 64
24 73
24 75
24 93
24 90
24 46
51 76
51 93
64 73
64 53
64 93
19 73
19 53
76 75
76 53
76 11
76 90
73 53
73 11
73 90
73 39
75 11
75 93
75 0
53 90
53 39
11 90
11 46
11 57
93 39
93 45
93 14
90 69
90 39
90 85
46 39
46 85
46 14
46 41
69 39
69 57
69 85
69 30
69 26
78 57
78 85
78 34
39 85
39 26
57 34
57 14
85 30
85 26
85 72
34 45
34 26
34 98
30 14
30 26
30 29
45 52
45 29
26 0
26 35
26 12
41 0
41 52
41 70
41 35
41 16
87 52
87 70
87 29
87 23
0 70
0 35
0 33
52 35
52 6
52 29
70 16
70 6
70 29
35 6
35 98
35 4
35 96
35 12
35 72
35 3
35 80
16 98
16 4
6 72
6 80
6 47
29 4
29 12
29 80
29 36
29 9
98 72
98 36
98 15
98 54
4 12
4 72
4 3
4 36
4 15
96 3
96 80
12 3
12 80
72 33
72 27
3 36
3 23
3 66
80 23
80 66
80 33
80 54
36 66
36 15
36 31
36 27
23 15
23 33
23 54
23 84
66 1
66 56
66 27
15 31
9 33
9 55
9 56
9 27
9 79
31 1
31 55
31 8
31 44
31 37
31 13
33 55
33 27
33 8
33 44
1 56
1 8
1 84
55 8
55 84
55 13
56 8
56 54
56 79
56 77
27 54
27 84
27 44
8 79
8 84
8 50
8 43
8 59
54 84
54 37
54 74
79 44
79 37
79 63
79 48
84 37
44 74
44 50
44 63
37 50
37 63
37 40
74 50
74 63
13 63
13 95
13 49
50 43
50 47
63 43
63 49
77 59
77 49
77 2
43 95
43 49
43 40
59 49
59 2
95 10
95 71
49 22
2 67
2 62
47 22
47 7
47 10
47 71
47 86
47 20
67 40
67 22
67 7
48 22
48 71
48 62
48 17
48 42
40 10
40 71
40 82
22 10
22 62
22 82
22 32
7 71
7 62
7 17
7 42
10 62
10 82
10 17
10 32
10 20
71 82
71 17
71 38
71 42
62 89
82 21
82 65
82 86
17 65
17 38
17 32
17 89
21 38
21 86
21 32
21 81
65 86
65 42
65 89
65 81
38 42
38 89
38 81
86 89
32 20
42 94
89 81
100 405
53 24
24 68
68 10
10 45
45 75
75 42
42 35
35 36
36 70
70 80
80 76
76 14
14 69
69 72
72 26
26 95
95 43
43 71
71 38
38 63
63 19
19 13
13 8
8 84
84 17
17 5
5 86
86 25
25 9
9 57
57 78
78 87
87 48
48 54
54 64
64 67
67 6
6 88
88 56
56 29
29 99
99 55
55 37
37 16
16 89
89 27
27 39
39 12
12 40
40 0
0 93
93 47
47 83
83 81
81 46
46 96
96 34
34 33
33 61
61 3
3 7
7 21
21 30
30 20
20 44
44 2
2 1
1 91
91 92
92 28
28 97
97 49
49 15
15 98
98 74
74 79
79 82
82 18
18 58
58 41
41 85
85 62
62 11
11 90
90 59
59 51
51 22
22 32
32 52
52 31
31 65
65 4
4 77
77 50
50 94
94 60
60 23
23 66
66 73
53 68
53 10
53 75
53 42
53 36
53 26
53 8
24 10
24 45
24 75
24 42
24 70
24 95
68 45
68 75
68 42
68 35
68 36
10 42
10 36
10 80
45 42
45 35
45 36
45 14
75 35
75 36
75 70
75 80
75 69
75 26
42 36
42 14
35 70
35 80
35 72
35 26
36 72
36 71
70 14
70 69
70 72
70 26
70 38
80 14
80 69
80 72
80 95
76 95
14 72
14 95
14 71
14 38
14 13
14 87
69 26
69 9
72 95
72 43
72 71
72 84
26 38
26 63
26 19
26 8
26 78
95 19
43 38
43 63
71 63
38 19
38 84
38 25
38 78
63 86
63 25
19 8
19 17
19 5
13 84
13 9
13 54
8 17
8 9
8 54
84 86
84 25
84 78
17 86
17 9
17 27
5 25
5 57
5 0
86 9
86 57
86 78
86 48
25 48
25 54
25 67
25 29
9 48
9 54
9 64
57 87
57 48
57 54
57 37
78 54
78 67
78 56
87 54
87 67
87 88
87 56
48 64
48 6
48 88
54 67
54 6
54 56
54 55
54 39
54 12
64 56
64 16
67 88
67 56
67 99
88 16
88 27
56 99
56 55
56 40
56 0
29 55
29 81
55 16
37 89
37 27
37 39
16 12
16 40
16 93
16 83
16 61
16 98
89 12
89 40
89 0
27 12
39 83
39 20
12 83
12 46
12 61
40 93
40 83
40 34
40 20
0 47
93 81
93 46
47 96
83 96
83 3
83 30
96 33
96 21
34 3
34 21
33 3
33 21
33 30
33 44
33 15
61 7
61 30
61 2
3 21
3 20
3 91
7 30
7 44
7 91
7 97
7 18
21 2
21 1
21 91
30 44
30 2
30 1
30 74
30 82
20 2
20 92
20 65
44 1
44 91
44 92
44 28
44 97
44 15
2 28
2 98
2 41
2 11
1 92
1 74
1 41
91 79
92 97
92 79
92 82
92 85
28 49
28 85
97 74
97 79
97 62
49 98
49 79
49 82
49 58
49 41
15 18
15 90
98 79
98 18
98 58
98 11
98 51
74 41
74 11
79 18
82 58
82 41
82 85
82 11
82 52
18 11
18 90
18 51
18 22
18 4
58 85
58 90
58 51
58 31
41 11
41 90
41 31
41 50
41 94
85 11
62 90
62 51
62 22
11 59
11 51
11 32
11 60
90 22
90 32
90 52
59 22
59 32
59 65
59 4
59 77
59 50
51 4
51 23
22 31
22 65
22 60
22 73
32 31
32 65
32 4
32 50
32 60
52 65
52 50
31 4
31 77
31 94
65 77
65 94
65 23
4 50
4 94
4 23
4 73
77 94
77 60
77 23
77 73
50 60
94 23
94 66
94 73
60 66
23 73
100 397
36 37
37 31
31 30
30 35
35 66
66 15
15 24
24 97
97 70
70 23
23 62
62 74
74 56
56 27
27 14
14 61
61 0
0 8
8 1
1 52
52 10
10 49
49 45
45 6
6 76
76 75
75 60
60 11
11 55
55 95
95 7
7 86
86 67
67 54
54 38
38 93
93 39
39 13
13 32
32 64
64 91
91 99
99 29
29 58
58 17
17 19
19 92
92 43
43 51
51 2
2 25
25 87
87 72
72 48
48 33
33 40
40 98
98 28
28 47
47 3
3 83
83 26
26 22
22 21
21 57
57 46
46 59
59 82
82 90
90 4
4 50
50 63
63 84
84 5
5 34
34 77
77 88
88 85
85 73
73 79
79 41
41 12
12 9
9 78
78 69
69 96
96 89
89 71
71 81
81 42
42 94
94 65
65 16
16 53
53 80
80 20
20 68
68 44
44 18
36 31
36 15
36 70
37 30
37 66
37 97
31 66
31 11
30 66
35 15
35 23
35 62
35 14
66 24
66 97
66 23
24 70
24 62
24 27
24 75
97 14
97 60
70 62
70 74
70 14
23 74
23 56
23 27
23 1
62 14
62 61
74 27
74 14
74 49
74 11
56 61
56 0
56 8
56 76
56 7
27 61
27 1
27 45
14 0
14 8
14 1
14 45
14 67
61 8
61 1
61 52
61 6
0 1
0 52
0 75
8 49
8 45
8 60
8 39
1 10
1 49
1 45
1 75
52 49
52 45
52 6
52 75
52 7
10 45
10 75
10 60
10 11
49 6
49 76
49 75
49 86
45 75
45 11
45 95
45 38
6 75
6 60
6 11
6 95
6 67
6 32
76 60
76 11
76 55
76 38
75 11
75 99
60 55
60 7
60 86
60 13
11 7
11 67
11 32
55 7
55 67
55 54
55 13
55 17
95 86
95 67
95 54
95 32
7 67
7 39
86 54
86 38
86 93
86 39
86 64
86 2
67 38
67 93
67 32
67 64
54 93
54 32
54 19
54 92
93 13
93 91
93 17
93 46
39 32
13 64
32 91
64 99
91 29
91 17
91 25
99 58
99 17
99 92
99 51
99 28
99 47
29 17
29 19
29 92
29 43
29 2
29 57
58 43
58 25
58 47
17 92
17 51
19 43
19 51
19 2
19 28
19 26
19 21
92 2
92 98
43 2
43 72
43 33
43 40
43 47
43 83
51 25
51 87
51 48
2 87
2 72
25 48
25 98
25 26
25 21
25 63
87 48
87 3
72 33
72 98
72 57
48 28
48 22
33 98
33 28
33 26
33 22
33 46
40 28
40 82
98 47
98 3
98 21
98 57
28 22
28 59
47 83
3 26
3 22
3 21
3 57
3 50
3 77
83 21
83 59
83 82
26 57
26 82
26 50
26 41
22 57
22 46
22 59
22 4
22 84
21 82
21 50
57 90
57 63
57 77
57 96
46 79
59 50
59 63
59 79
4 84
50 84
50 5
63 5
63 34
63 77
84 34
84 77
84 88
84 20
5 77
5 88
5 69
5 89
34 85
77 73
77 41
77 78
77 96
88 73
88 12
88 81
85 79
85 41
85 9
85 69
85 20
73 41
73 12
73 89
73 44
79 12
79 9
79 78
41 9
41 89
12 78
12 18
9 89
9 94
78 96
78 81
78 42
69 81
69 18
96 71
96 94
96 65
96 20
89 81
89 94
71 42
71 94
71 16
71 53
71 68
81 65
81 16
81 68
42 65
42 16
42 53
94 16
94 53
94 80
65 20
16 80
16 44
16 18
53 20
80 44
20 44
68 18
100 399
91 23
23 57
57 18
18 11
11 1
1 60
60 29
29 3
3 4
4 42
42 95
95 69
69 32
32 85
85 75
75 77
77 54
54 68
68 36
36 76
76 72
72 61
61 2
2 45
45 20
20 53
53 73
73 10
10 55
55 41
41 13
13 44
44 7
7 25
25 59
59 94
94 26
26 84
84 9
9 99
99 14
14 66
66 51
51 83
83 0
0 22
22 49
49 40
40 37
37 39
39 58
58 70
70 78
78 80
80 81
81 86
86 79
79 31
31 19
19 12
12 87
87 21
21 88
88 6
6 38
38 8
8 92
92 98
98 33
33 67
67 64
64 48
48 43
43 56
56 50
50 82
82 71
71 74
74 62
62 34
34 27
27 63
63 35
35 47
47 93
93 17
17 96
96 28
28 90
90 15
15 97
97 52
52 30
30 89
89 24
24 65
65 16
16 5
5 46
91 57
91 11
91 1
91 60
23 18
23 11
23 29
57 85
18 60
11 29
11 3
11 4
1 85
1 75
1 77
1 36
60 42
60 32
60 85
29 4
29 95
29 85
29 75
29 2
3 42
3 95
3 32
4 95
4 69
42 54
42 61
95 77
95 36
95 76
69 68
69 76
69 61
32 75
32 54
32 61
85 77
85 54
75 54
75 51
77 68
77 36
77 72
77 10
54 36
54 76
54 72
54 2
54 41
68 72
68 61
68 2
68 53
68 41
36 61
36 2
36 41
76 2
76 20
76 41
72 2
72 45
72 20
72 10
61 45
61 13
61 44
61 25
2 20
2 53
2 73
2 10
2 41
2 59
45 53
45 73
45 10
20 73
20 10
20 55
20 41
53 41
53 25
73 41
73 94
10 13
10 44
10 7
10 59
55 25
55 59
41 44
41 25
41 59
41 9
13 7
13 25
13 59
13 94
13 26
13 83
44 25
44 84
44 9
44 14
25 94
25 14
25 0
59 84
59 66
94 84
94 9
94 51
94 37
26 9
26 14
26 51
26 37
26 39
84 99
84 14
84 66
9 14
9 66
9 83
9 22
99 66
99 51
14 0
14 78
66 49
66 40
51 0
51 40
51 70
83 22
83 49
83 40
0 49
0 78
22 37
49 58
49 78
40 58
40 78
37 78
37 19
37 12
39 70
39 78
39 80
39 81
58 78
58 81
58 87
70 80
70 81
78 86
78 79
80 86
80 79
80 19
80 87
81 31
86 31
86 12
86 87
86 38
86 71
79 19
79 12
79 87
79 64
79 43
31 21
31 88
19 87
19 64
19 43
12 21
12 88
12 48
12 43
87 6
87 67
87 64
87 48
87 71
21 33
21 48
21 43
88 38
88 92
88 33
88 67
88 71
6 8
6 92
6 98
38 92
38 64
38 71
8 98
8 50
8 71
92 33
92 64
92 48
92 43
92 56
98 67
98 48
98 43
98 52
33 64
33 43
67 43
67 56
67 74
64 43
64 56
64 82
64 93
48 56
48 50
48 27
48 63
43 50
43 71
43 74
43 90
56 82
56 62
56 27
56 63
56 35
82 34
82 28
71 62
71 34
71 27
71 30
74 34
74 63
74 47
74 90
74 97
62 27
62 35
62 47
62 93
62 17
34 63
27 35
27 47
63 93
63 15
35 93
35 90
35 15
35 30
47 96
47 15
47 97
93 28
93 15
17 28
17 90
17 15
17 24
96 90
96 97
96 89
96 5
28 15
28 97
28 65
90 97
90 52
90 24
15 24
97 30
97 89
97 24
52 89
52 5
30 24
30 65
30 5
89 65
24 16
24 5
24 46
65 5
65 46
16 46
100 404
92 25
25 9
9 26
26 88
88 86
86 34
34 65
65 66
66 49
49 52
52 8
8 94
94 69
69 20
20 97
97 68
68 30
30 91
91 96
96 14
14 4
4 32
32 27
27 36
36 18
18 55
55 64
64 83
83 84
84 73
73 13
13 10
10 23
23 6
6 75
75 93
93 63
63 11
11 79
79 58
58 22
22 19
19 39
39 82
82 85
85 3
3 99
99 40
40 98
98 38
38 45
45 16
16 60
60 17
17 24
24 70
70 2
2 31
31 50
50 81
81 46
46 1
1 95
95 72
72 51
51 12
12 59
59 37
37 33
33 54
54 90
90 41
41 42
42 61
61 47
47 62
62 71
71 57
57 43
43 53
53 48
48 67
67 5
5 28
28 89
89 80
80 87
87 15
15 44
44 77
77 29
29 21
21 7
7 0
0 78
78 35
35 76
76 74
74 56
92 26
92 88
92 86
92 52
25 26
25 88
25 65
25 66
9 88
9 86
9 65
9 66
9 49
9 8
9 69
26 65
26 52
88 34
88 65
88 94
88 69
86 65
86 66
86 49
86 97
34 66
34 49
34 68
65 14
66 52
66 8
66 94
66 69
49 8
49 94
49 20
52 20
52 97
52 30
8 97
8 68
8 30
8 96
8 27
94 20
94 97
94 68
94 14
69 68
69 30
69 91
69 96
69 4
20 30
20 96
20 64
97 30
97 91
97 4
68 91
68 96
68 14
68 4
30 96
30 14
30 4
30 36
30 18
30 93
91 14
91 4
91 55
96 4
96 32
96 27
14 32
14 55
14 73
4 27
4 36
4 93
32 36
32 55
32 73
27 10
27 11
36 55
36 64
36 84
36 75
36 3
18 64
18 83
18 73
18 10
18 6
18 75
18 79
55 83
55 11
64 13
64 10
83 13
83 82
84 23
73 10
73 23
13 23
13 19
10 75
10 11
6 93
6 19
75 63
75 39
75 45
75 17
93 79
93 58
93 22
93 19
63 79
63 58
63 82
63 85
63 99
11 22
11 39
11 82
11 16
79 22
79 19
79 40
58 19
58 39
22 3
22 38
22 17
19 82
19 85
19 99
39 3
39 40
39 98
82 3
82 40
82 38
82 45
85 99
85 98
85 38
85 60
85 70
3 40
3 16
3 60
99 98
99 45
99 17
40 38
40 45
40 17
98 45
98 16
38 24
38 70
38 2
45 60
45 17
45 70
16 24
16 70
16 50
60 24
60 70
60 1
60 72
60 37
24 31
24 50
24 81
24 1
24 54
70 46
2 50
2 46
2 72
31 81
31 46
50 46
50 1
50 95
50 51
50 12
81 1
81 72
81 51
46 37
1 72
1 51
1 37
1 54
95 51
95 12
95 37
72 12
72 59
72 33
51 59
51 33
51 61
12 37
12 33
12 41
59 33
59 54
59 42
59 61
59 62
37 54
37 90
37 61
37 71
37 43
37 89
33 90
54 41
54 42
54 28
90 62
90 57
90 43
41 61
41 47
41 62
41 71
41 53
41 48
42 47
42 71
42 57
42 53
42 48
61 5
61 29
47 71
47 57
47 43
47 53
47 67
62 57
62 43
62 89
71 53
71 48
71 89
71 44
57 53
57 48
57 87
43 28
43 44
53 67
53 28
53 44
48 5
48 28
48 44
48 77
67 28
67 0
5 89
5 80
5 77
5 35
28 87
28 15
28 29
89 15
89 77
87 29
87 0
87 56
15 77
15 21
15 7
44 29
44 21
44 78
44 35
44 74
77 0
77 35
77 76
29 56
21 56
7 78
7 35
7 76
0 35
0 74
78 76
78 74
78 56
35 74
100 376
15 13
13 7
7 89
89 85
85 69
69 82
82 84
84 19
19 78
78 37
37 64
64 29
29 96
96 93
93 32
32 0
0 25
25 9
9 65
65 26
26 35
35 21
21 44
44 90
90 76
76 83
83 2
2 36
36 63
63 10
10 17
17 87
87 31
31 6
6 52
52 88
88 99
99 1
1 91
91 72
72 46
46 48
48 57
57 50
50 86
86 41
41 80
80 28
28 94
94 59
59 73
73 58
58 34
34 11
11 16
16 27
27 42
42 3
3 79
79 62
62 12
12 71
71 74
74 45
45 49
49 66
66 51
51 92
92 8
8 47
47 43
43 70
70 60
60 33
33 23
23 98
98 56
56 68
68 39
39 5
5 22
22 18
18 55
55 40
40 53
53 30
30 97
97 75
75 24
24 61
61 77
77 20
20 95
95 4
4 81
81 14
14 54
54 67
67 38
15 89
13 89
13 82
7 85
7 84
7 19
89 69
89 82
85 82
85 19
69 19
82 19
84 78
84 37
84 25
84 9
19 29
19 83
78 29
37 29
37 96
37 32
37 25
37 9
64 93
64 32
64 26
64 90
29 93
29 32
29 9
96 32
96 25
96 9
96 26
96 44
93 0
93 9
93 26
93 36
93 31
32 25
32 36
0 9
25 65
25 31
9 26
9 31
65 35
65 44
26 21
26 90
26 83
35 44
35 76
35 2
35 99
35 57
21 76
21 36
21 63
21 87
44 76
44 83
90 83
90 2
76 2
76 36
76 10
83 10
83 91
2 63
2 87
2 88
36 10
36 17
36 31
36 6
36 88
63 6
63 1
63 72
63 57
10 52
17 31
17 52
17 88
87 6
87 46
87 73
31 52
31 88
31 99
31 1
31 72
6 72
6 50
52 99
52 57
52 80
88 91
88 48
99 72
1 72
1 46
1 48
1 80
1 28
1 16
91 46
91 48
91 59
91 58
72 57
72 86
46 57
46 86
57 86
57 59
57 73
57 16
50 94
50 59
50 73
50 34
50 11
50 27
86 80
86 28
86 94
86 73
41 28
41 94
41 59
80 94
80 59
80 16
28 59
28 73
28 11
94 73
94 58
94 34
94 11
59 16
73 34
73 11
73 3
58 11
58 16
58 3
58 74
34 42
11 27
11 42
11 79
11 62
11 68
16 3
27 49
42 79
42 62
42 45
42 51
42 47
42 23
3 71
3 74
3 66
3 47
79 12
79 74
79 49
79 51
62 71
62 47
12 74
12 43
71 45
71 49
74 8
45 66
45 51
45 8
49 51
49 8
49 43
49 70
49 60
66 92
66 8
66 70
51 8
51 60
51 23
92 47
8 43
8 60
8 33
8 98
8 68
8 5
43 60
43 33
43 39
43 55
70 33
70 22
60 56
33 98
33 56
33 39
33 5
23 5
23 75
98 68
98 5
98 22
98 30
98 75
98 24
56 39
56 5
56 22
68 5
68 30
39 22
39 55
39 40
39 75
39 77
5 53
5 4
22 55
22 40
22 53
22 77
22 20
18 40
18 53
18 30
18 97
18 75
55 53
55 97
55 24
55 95
40 30
40 4
53 24
53 61
53 81
30 61
30 95
97 24
97 77
24 4
61 95
61 4
61 81
61 54
77 95
77 4
77 14
77 54
20 4
20 81
20 14
20 54
20 38
95 81
95 14
95 54
4 54
81 54
81 38
14 67
100 411
7 70
70 1
1 89
89 47
47 96
96 41
41 93
93 54
54 18
18 73
73 23
23 79
79 82
82 10
10 25
25 98
98 77
77 74
74 92
92 2
2 87
87 31
31 11
11 78
78 64
64 83
83 37
37 13
13 94
94 12
12 61
61 39
39 21
21 44
44 28
28 75
75 43
43 63
63 95
95 34
34 38
38 17
17 86
86 99
99 81
81 56
56 27
27 58
58 33
33 22
22 85
85 30
30 48
48 14
14 35
35 6
6 45
45 9
9 55
55 69
69 49
49 80
80 76
76 51
51 59
59 97
97 40
40 71
71 84
84 53
53 0
0 32
32 72
72 4
4 16
16 26
26 24
24 62
62 3
3 50
50 5
5 36
36 57
57 88
88 19
19 52
52 90
90 68
68 46
46 15
15 60
60 20
20 8
8 66
66 29
29 67
67 42
42 65
65 91
7 1
7 89
7 47
7 31
70 41
1 47
1 41
1 54
1 79
89 96
89 41
89 93
89 54
47 41
47 93
47 54
47 18
96 93
96 54
96 73
96 23
96 82
41 54
93 18
93 73
93 82
54 23
54 79
54 74
18 79
18 98
18 87
73 10
73 25
73 77
23 82
23 10
23 98
23 74
23 92
23 83
79 10
79 74
82 25
82 74
82 92
82 21
10 98
10 77
10 74
10 92
25 77
25 92
25 87
77 31
74 2
74 31
74 37
74 13
92 87
92 78
2 31
2 64
87 11
87 78
87 64
87 37
31 78
31 13
31 28
11 37
11 13
11 38
78 83
78 37
78 12
78 61
64 37
64 13
64 63
83 13
83 94
37 12
37 44
37 34
13 12
13 61
94 61
94 39
94 21
94 44
12 39
12 28
12 43
12 99
61 21
61 44
61 28
61 17
39 44
21 28
21 75
44 75
44 43
44 95
44 86
44 99
44 56
28 43
28 63
28 17
75 63
75 95
43 95
43 34
43 17
43 86
63 34
63 17
63 86
63 81
95 86
95 14
34 17
34 81
34 56
34 27
38 86
38 99
38 56
38 22
17 81
17 58
17 14
86 81
86 56
86 27
86 58
86 33
99 56
99 27
99 22
99 48
99 45
81 27
81 58
81 48
81 80
56 22
56 30
56 14
56 6
27 85
27 30
33 85
33 30
33 45
33 53
22 30
22 48
85 48
85 35
85 6
85 24
30 14
30 35
48 35
48 45
48 69
48 80
48 51
14 6
35 97
6 9
6 69
6 76
6 84
6 62
45 69
45 49
45 97
9 69
9 49
9 51
9 97
9 71
55 49
55 59
55 24
69 80
69 51
69 97
69 53
69 32
49 97
49 84
49 32
49 16
80 59
80 26
76 59
76 97
76 40
76 71
76 0
51 97
51 84
51 72
59 40
59 84
59 53
59 32
97 53
97 16
40 84
40 0
40 52
71 0
71 4
71 16
71 5
84 0
84 32
84 4
84 16
53 72
53 24
0 72
0 4
0 24
32 24
32 3
32 57
32 20
72 16
72 26
72 24
72 3
72 57
4 62
4 36
16 24
16 62
16 5
16 19
16 52
26 62
26 3
26 50
26 57
24 3
24 5
62 50
62 19
3 5
3 36
3 57
3 90
50 36
50 57
50 88
50 15
5 57
5 88
5 19
5 46
36 88
36 52
36 68
36 20
36 29
57 19
57 52
57 90
57 68
57 29
57 91
88 52
88 68
88 60
88 8
19 90
52 68
52 15
52 60
52 66
90 46
90 66
68 15
68 60
68 8
68 91
46 60
46 8
46 66
46 29
46 42
15 20
15 29
15 67
60 66
60 29
60 42
20 66
20 29
8 29
8 42
66 67
66 42
29 42
67 65
42 91
100 408
3 34
34 72
72 57
57 65
65 62
62 97
97 61
61 24
24 22
22 59
59 96
96 83
83 53
53 43
43 56
56 94
94 47
47 28
28 5
5 75
75 67
67 36
36 9
9 41
41 44
44 25
25 39
39 84
84 40
40 17
17 54
54 27
27 98
98 66
66 68
68 63
63 37
37 14
14 55
55 85
85 87
87 18
18 76
76 69
69 29
29 32
32 88
88 15
15 49
49 48
48 45
45 42
42 16
16 74
74 90
90 30
30 70
70 71
71 58
58 7
7 46
46 73
73 80
80 79
79 91
91 1
1 2
2 4
4 0
0 51
51 20
20 31
31 6
6 50
50 21
21 26
26 23
23 82
82 93
93 99
99 60
60 33
33 35
35 10
10 78
78 64
64 13
13 81
81 52
52 92
92 38
38 86
86 89
89 77
77 19
19 95
95 12
12 11
11 8
3 72
3 57
3 65
3 62
3 61
3 56
34 57
34 62
34 97
34 56
72 65
72 62
72 61
72 96
57 62
57 61
57 22
57 96
65 97
65 59
97 24
97 22
97 59
61 22
61 59
61 83
61 53
24 59
24 43
22 83
22 94
22 40
59 47
59 36
96 53
96 43
96 56
96 28
83 43
83 94
53 56
53 94
53 47
53 67
43 94
43 67
56 47
56 5
56 41
94 28
47 5
47 36
47 41
28 75
28 67
28 36
28 9
28 41
28 25
28 40
28 98
5 67
5 44
5 39
75 36
75 9
75 41
75 84
75 17
75 98
75 66
75 14
67 44
67 25
67 17
36 41
36 84
36 40
9 44
9 25
9 84
41 25
41 84
41 98
44 84
44 68
25 84
25 17
25 54
39 68
39 63
39 42
39 74
84 17
84 54
40 27
40 98
40 37
40 55
17 27
17 98
17 66
17 68
17 14
54 63
54 14
27 66
27 68
27 63
27 37
27 14
98 63
98 14
98 85
66 37
66 14
66 55
66 69
66 29
68 14
68 55
68 85
63 55
63 87
37 55
37 85
37 87
14 85
14 87
14 76
14 69
55 87
55 29
55 88
55 30
85 76
85 29
85 32
85 88
85 16
85 73
87 76
87 45
18 69
18 29
76 32
76 88
76 15
76 49
69 49
69 90
29 15
29 16
32 48
88 49
88 74
88 70
15 48
15 58
49 42
49 16
49 46
48 16
48 74
48 30
48 70
45 90
45 30
45 80
42 74
42 58
16 90
16 71
74 70
90 58
90 7
90 80
30 71
70 58
70 73
70 80
71 46
71 73
71 0
58 46
58 73
58 80
58 91
7 80
7 91
7 1
7 4
7 51
46 79
73 1
73 50
73 35
80 2
79 1
79 2
79 20
79 31
91 2
91 4
91 20
1 4
1 0
1 51
1 33
2 51
2 60
4 51
4 20
4 23
4 82
4 60
0 20
0 21
0 26
51 21
51 78
20 21
20 82
31 50
31 21
31 23
31 33
31 10
6 21
6 10
50 23
50 93
50 35
50 10
21 23
21 82
21 93
21 60
21 33
21 35
21 13
26 93
26 99
26 33
26 81
26 52
26 92
23 99
23 10
23 38
82 99
82 33
82 35
82 10
82 78
93 64
99 33
99 35
99 10
99 64
99 81
60 35
60 64
60 81
60 52
60 95
33 10
33 52
33 92
35 78
35 64
35 13
35 52
35 92
35 86
10 64
10 13
10 81
78 81
78 92
78 12
64 81
64 92
64 86
64 77
64 95
64 12
13 92
13 38
13 89
13 77
13 95
81 92
81 95
52 38
52 77
92 89
92 77
38 89
38 77
86 77
89 12
89 8
77 95
19 12
19 11
19 8
95 11
95 8
100 407
75 9
9 36
36 52
52 84
84 8
8 19
19 3
3 89
89 85
85 10
10 2
2 44
44 69
69 80
80 73
73 82
82 98
98 60
60 83
83 1
1 13
13 17
17 81
81 71
71 62
62 40
40 26
26 32
32 92
92 30
30 12
12 49
49 29
29 37
37 78
78 67
67 46
46 43
43 63
63 39
39 88
88 59
59 25
25 54
54 94
94 47
47 41
41 28
28 14
14 11
11 18
18 56
56 86
86 64
64 50
50 74
74 15
15 20
20 16
16 48
48 95
95 93
93 91
91 45
45 33
33 35
35 53
53 31
31 97
97 66
66 21
21 0
0 42
42 55
55 90
90 5
5 4
4 6
6 70
70 79
79 7
7 96
96 77
77 51
51 72
72 61
61 38
38 57
57 27
27 24
24 34
34 58
58 76
76 68
68 99
99 65
65 22
22 87
87 23
75 36
75 52
75 8
75 19
75 89
9 52
9 3
9 89
9 85
9 10
9 73
36 10
36 82
52 19
52 89
52 85
52 2
84 19
84 3
84 89
84 69
8 89
8 85
19 44
19 73
3 2
3 69
3 71
89 10
89 44
85 2
85 80
85 62
10 44
10 69
10 82
10 98
10 13
2 69
2 80
2 81
44 80
44 73
44 32
69 73
69 83
80 1
80 81
73 98
73 60
73 83
73 32
82 13
82 17
98 83
98 13
98 71
98 26
60 1
60 81
60 12
60 67
83 29
1 62
1 92
13 81
13 26
17 71
17 62
17 40
17 26
17 32
17 88
81 62
81 40
81 12
81 37
81 43
71 40
71 92
71 12
62 32
62 49
62 67
40 32
40 92
26 92
26 30
26 37
26 78
26 63
32 12
32 29
32 37
32 46
92 37
92 78
92 67
92 59
30 49
30 43
30 63
30 25
12 78
12 54
49 78
49 43
49 94
29 67
29 43
29 63
29 25
37 67
78 46
78 43
78 39
78 59
67 43
67 63
46 39
46 54
46 47
43 59
43 56
63 88
63 59
63 25
39 59
39 25
39 54
39 94
39 28
39 11
88 54
88 94
88 14
88 20
59 41
59 28
59 64
54 28
54 11
94 14
94 74
47 28
47 14
47 11
47 18
47 56
47 20
41 11
41 86
41 20
41 16
28 18
28 56
28 64
28 74
28 48
14 18
14 86
14 74
11 56
11 86
11 64
18 86
18 64
18 50
18 66
56 64
56 50
56 20
56 45
86 74
86 15
86 20
86 93
86 45
86 31
64 74
50 15
50 20
50 16
50 48
50 91
74 20
74 95
74 93
15 16
15 70
20 95
20 91
20 35
16 33
16 53
16 66
48 33
48 0
48 42
95 91
95 33
95 35
95 6
93 53
91 33
91 35
91 53
91 21
91 0
91 55
45 0
45 90
33 31
35 97
35 66
35 5
53 27
31 21
31 42
31 90
31 5
97 21
97 42
97 5
97 6
66 42
66 4
66 79
21 90
21 5
0 90
0 5
0 6
0 51
42 90
42 5
42 4
42 6
42 7
42 77
55 5
55 4
90 4
90 6
90 79
90 51
90 76
5 6
5 70
5 96
5 72
4 70
4 96
4 27
6 79
6 7
6 77
6 51
6 61
6 38
6 99
70 7
70 77
70 72
79 96
79 77
79 51
79 72
79 61
7 61
7 38
7 57
96 51
96 61
96 34
96 58
77 72
77 61
77 38
77 57
77 27
77 24
51 61
51 57
51 34
72 38
72 34
61 57
38 27
38 24
38 76
57 24
57 99
27 58
24 58
24 65
34 65
58 22
76 99
76 65
76 22
68 65
68 22
68 87
99 22
99 23
65 87
22 23
100 430
61 22
22 72
72 84
84 75
75 54
54 14
14 80
80 18
18 32
32 20
20 6
6 17
17 90
90 23
23 5
5 12
12 34
34 78
78 30
30 19
19 60
60 45
45 89
89 81
81 48
48 41
41 26
26 88
88 0
0 8
8 10
10 21
21 82
82 62
62 64
64 13
13 94
94 37
37 51
51 1
1 43
43 85
85 76
76 79
79 7
7 36
36 11
11 33
33 40
40 74
74 39
39 87
87 4
4 50
50 52
52 42
42 47
47 2
2 73
73 46
46 27
27 29
29 44
44 24
24 69
69 96
96 16
16 83
83 31
31 15
15 56
56 66
66 67
67 53
53 77
77 98
98 71
71 93
93 95
95 35
35 58
58 28
28 9
9 70
70 63
63 59
59 92
92 91
91 55
55 3
3 97
97 49
49 65
65 99
99 86
86 25
25 68
68 57
57 38
61 72
61 84
61 75
22 84
22 75
72 54
72 80
72 18
72 20
72 23
72 81
84 54
84 80
84 18
84 23
75 14
75 80
75 30
54 18
54 20
14 18
14 32
14 6
14 17
14 5
80 32
80 20
80 6
80 23
18 20
18 6
18 17
18 23
32 6
32 17
32 90
32 23
32 5
32 34
32 30
20 23
20 5
20 78
6 90
6 23
6 5
6 12
17 5
17 12
17 81
90 12
90 34
23 12
23 45
5 78
5 19
5 45
5 41
12 78
34 30
34 19
34 60
34 8
78 19
78 45
30 89
30 81
19 45
19 81
19 48
19 41
19 64
60 89
60 81
45 81
45 48
45 0
45 64
45 37
89 48
89 41
89 26
89 13
81 41
81 26
81 0
81 21
81 82
48 26
48 0
48 10
48 1
41 88
41 0
41 62
26 0
88 10
88 21
0 10
0 21
0 82
0 62
0 13
0 40
8 21
8 82
8 94
10 82
10 62
10 64
10 13
10 76
21 62
21 64
21 94
21 85
82 64
82 7
62 13
62 37
62 43
62 7
62 87
62 24
64 94
64 37
64 51
64 1
64 47
13 51
13 43
13 76
94 51
94 76
94 79
94 27
37 1
37 43
37 36
37 33
51 85
51 79
51 7
51 40
1 76
1 79
1 74
1 87
43 7
43 36
43 52
85 7
85 36
85 52
85 2
76 33
76 39
76 87
76 50
79 11
7 40
7 74
7 4
7 44
36 33
36 40
36 52
11 40
11 39
11 87
33 74
33 39
33 87
33 4
33 50
33 52
33 73
33 96
40 39
40 42
40 2
74 4
74 52
74 47
74 2
39 4
39 50
39 52
39 42
39 47
39 2
39 31
39 66
87 50
87 52
87 15
4 52
4 42
4 47
50 42
50 47
50 46
52 47
52 2
52 44
42 46
42 29
42 44
42 24
42 83
47 73
47 46
47 44
2 46
2 29
2 44
2 24
73 27
73 29
73 66
46 29
46 44
46 24
27 24
27 69
27 83
29 24
29 69
29 96
29 16
44 69
44 96
44 83
44 15
24 56
24 67
24 53
69 15
69 67
69 58
96 83
96 66
96 53
16 31
16 15
83 15
83 56
83 67
83 53
31 53
31 98
15 9
56 77
56 98
56 9
66 53
66 98
66 71
66 9
67 77
67 35
53 93
53 35
53 58
77 93
77 70
77 3
98 93
98 95
98 35
98 58
98 28
98 9
98 55
71 95
71 99
93 58
93 9
93 59
93 97
93 86
95 58
95 28
95 70
95 59
95 92
35 91
35 65
58 70
58 63
28 70
28 92
28 55
28 3
28 25
9 59
9 92
9 91
9 97
70 3
63 92
59 91
92 55
92 3
92 97
92 49
91 3
91 97
91 49
91 38
55 97
55 65
55 99
3 49
97 65
97 99
97 86
49 86
49 25
49 68
49 57
49 38
65 86
65 25
65 57
65 38
99 25
99 57
86 57
86 38
68 38
100 407
86 41
41 70
70 78
78 50
50 94
94 29
29 87
87 3
3 6
6 32
32 69
69 62
62 53
53 90
90 96
96 36
36 63
63 11
11 77
77 98
98 19
19 20
20 59
59 55
55 33
33 10
10 13
13 82
82 49
49 26
26 23
23 75
75 67
67 34
34 97
97 74
74 76
76 40
40 31
31 38
38 44
44 84
84 16
16 83
83 93
93 24
24 39
39 2
2 60
60 17
17 56
56 95
95 5
5 45
45 66
66 72
72 30
30 18
18 25
25 9
9 43
43 91
91 68
68 92
92 46
46 27
27 88
88 12
12 99
99 57
57 65
65 47
47 52
52 61
61 48
48 89
89 21
21 8
8 80
80 79
79 14
14 7
7 0
0 64
64 1
1 15
15 85
85 35
35 22
22 73
73 37
37 58
58 81
81 54
54 4
4 28
28 42
42 71
71 51
86 70
86 29
86 77
41 94
41 87
70 50
70 94
70 29
70 87
70 3
70 6
78 94
78 29
78 62
50 29
50 87
50 90
94 3
29 62
29 53
29 77
87 32
87 90
87 63
87 19
87 82
3 96
3 77
6 62
6 53
6 90
6 98
32 62
32 36
32 10
69 53
69 96
69 36
69 11
69 75
62 90
62 63
62 77
62 13
53 96
53 36
90 36
90 19
90 97
96 11
96 77
96 19
96 59
96 55
36 11
36 77
36 19
36 33
63 77
63 98
63 59
11 98
11 55
11 13
77 19
77 59
77 26
77 23
77 97
98 20
98 82
19 59
19 55
19 13
20 75
59 23
55 13
55 82
55 49
55 67
55 83
33 13
33 82
33 67
10 75
10 31
13 26
13 23
13 40
82 26
82 23
49 23
26 75
26 97
26 74
26 76
26 38
23 67
23 34
23 76
23 72
75 34
75 97
75 74
75 76
75 38
67 97
67 74
67 31
67 84
67 83
34 74
34 76
97 76
97 40
97 31
97 24
74 40
74 83
74 60
76 31
76 17
40 38
40 44
31 44
31 84
31 83
31 93
31 39
31 17
38 84
38 16
38 39
44 16
44 83
44 93
44 24
84 83
84 39
84 56
16 24
83 24
83 60
93 2
93 60
93 95
93 45
24 2
24 56
24 45
39 60
39 25
2 5
60 56
60 5
60 45
60 72
60 18
60 43
17 95
17 45
17 72
56 5
56 45
56 66
56 72
56 30
56 43
56 91
95 45
95 72
5 43
45 30
45 18
45 25
45 9
66 30
66 46
72 18
72 9
72 91
72 68
72 65
30 25
30 9
30 99
30 57
30 48
18 68
18 88
25 43
25 91
25 68
9 68
9 48
43 68
43 92
43 46
43 27
43 88
43 89
91 92
91 46
91 27
91 88
91 21
68 99
92 27
92 88
92 61
46 12
46 21
27 52
27 89
88 99
12 57
12 65
12 47
12 15
99 65
99 47
99 89
57 47
57 52
57 61
65 52
65 89
65 79
65 7
47 61
47 48
47 89
47 21
47 8
47 79
47 1
52 48
52 89
52 21
52 8
52 79
52 22
52 73
61 89
61 21
61 80
61 14
48 21
48 64
48 15
89 8
89 14
89 35
21 80
21 7
21 0
21 81
8 79
8 7
80 0
80 64
79 0
79 64
79 1
79 42
14 0
14 1
14 15
7 64
7 58
7 51
0 1
0 85
0 22
64 15
64 4
15 35
15 22
15 37
15 58
15 81
85 22
85 37
85 81
85 51
35 73
35 37
35 42
22 37
22 58
22 81
73 81
73 71
37 81
37 4
37 42
37 71
37 51
58 4
58 28
58 42
58 51
81 42
54 28
54 42
54 71
4 42
28 71
100 434
35 52
52 50
50 85
85 17
17 37
37 3
3 51
51 75
75 70
70 21
21 8
8 36
36 9
9 95
95 27
27 86
86 7
7 92
92 49
49 41
41 97
97 91
91 82
82 20
20 15
15 39
39 4
4 90
90 96
96 6
6 18
18 73
73 59
59 46
46 28
28 56
56 98
98 67
67 19
19 32
32 16
16 48
48 79
79 66
66 44
44 61
61 0
0 42
42 72
72 84
84 65
65 22
22 14
14 57
57 71
71 13
13 99
99 80
80 26
26 87
87 54
54 93
93 2
2 38
38 25
25 77
77 11
11 43
43 23
23 74
74 94
94 12
12 31
31 24
24 40
40 10
10 53
53 62
62 33
33 34
34 69
69 68
68 29
29 81
81 45
45 78
78 30
30 47
47 5
5 83
83 1
1 55
55 89
89 58
58 88
88 63
63 60
60 64
64 76
35 50
35 51
35 75
52 3
52 51
50 17
50 37
50 70
50 9
85 3
85 51
85 70
17 3
17 51
17 70
17 9
37 51
37 75
37 21
37 36
3 75
3 36
3 9
51 21
51 8
51 36
51 97
75 21
75 8
75 9
75 27
75 86
75 4
70 8
70 36
70 97
21 95
21 27
8 9
8 27
8 7
8 92
8 91
36 27
36 7
36 49
36 15
9 27
9 86
9 92
9 49
95 86
95 7
95 92
95 49
95 97
27 7
27 91
86 92
86 41
7 49
7 41
7 91
7 82
7 4
92 82
92 39
49 97
49 91
41 82
41 39
41 73
41 67
97 82
97 39
97 96
91 20
91 15
91 90
91 6
82 15
82 4
82 96
82 73
20 39
20 96
15 4
15 90
15 73
15 59
15 98
15 0
39 96
39 73
4 96
4 59
90 18
90 73
96 28
96 56
96 19
6 73
6 59
6 46
6 56
6 67
6 0
18 46
18 28
18 56
18 98
18 67
73 46
73 28
73 98
73 87
59 28
59 98
59 19
59 44
59 61
46 56
46 98
46 67
46 19
46 66
28 98
28 67
28 19
28 16
28 44
56 19
98 19
98 32
98 16
98 48
98 22
67 32
67 66
19 16
19 48
19 44
19 61
19 42
32 48
32 79
32 0
32 72
16 79
16 61
16 65
48 66
48 44
79 44
79 61
79 42
66 61
66 42
66 22
66 71
66 99
44 72
44 84
61 72
61 84
61 22
61 99
0 22
0 14
42 84
42 80
42 74
72 65
72 22
84 71
84 13
84 99
84 26
84 11
65 14
65 13
65 80
65 26
22 71
22 99
22 2
14 13
14 99
14 80
14 93
14 23
57 99
57 80
57 43
71 80
71 54
13 87
13 93
13 2
99 87
80 87
26 54
26 77
26 12
87 93
87 25
87 77
87 31
87 40
54 2
54 38
54 25
54 77
54 23
54 1
93 38
2 25
2 77
2 43
2 74
2 94
38 77
38 11
38 23
38 74
38 94
25 23
25 74
25 24
77 43
77 23
77 74
77 12
11 12
11 40
11 53
11 34
43 74
43 94
43 29
23 94
23 12
23 31
23 40
74 12
74 40
74 53
74 62
74 34
74 29
74 47
94 24
94 10
12 24
12 40
12 62
31 40
31 62
31 33
31 68
31 45
24 53
24 1
40 53
40 68
40 45
10 33
10 29
10 5
53 34
53 81
53 58
62 34
62 45
62 47
33 69
33 68
33 29
33 78
33 30
33 5
34 68
34 29
34 81
34 55
69 29
69 45
69 30
69 83
69 89
69 60
69 76
68 78
68 47
68 83
29 78
29 30
29 47
29 5
81 47
81 76
45 30
45 89
78 47
78 5
78 83
78 1
30 83
30 55
30 63
47 83
47 1
47 89
47 64
5 1
5 55
5 88
5 64
83 89
83 63
1 89
1 58
1 88
1 60
1 64
55 58
55 63
89 88
89 76
58 63
58 76
88 60
88 64
63 76
60 76
100 387
46 56
56 26
26 51
51 49
49 85
85 32
32 67
67 30
30 79
79 27
27 5
5 84
84 2
2 35
35 21
21 88
88 28
28 52
52 19
19 41
41 82
82 23
23 95
95 94
94 0
0 59
59 17
17 33
33 91
91 61
61 64
64 98
98 44
44 37
37 1
1 86
86 3
3 45
45 63
63 31
31 25
25 53
53 20
20 24
24 54
54 4
4 75
75 7
7 78
78 12
12 48
48 9
9 47
47 38
38 42
42 36
36 22
22 55
55 18
18 50
50 69
69 16
16 77
77 6
6 99
99 58
58 40
40 96
96 66
66 13
13 43
43 11
11 57
57 97
97 83
83 15
15 90
90 14
14 89
89 29
29 68
68 8
8 87
87 71
71 81
81 10
10 92
92 72
72 62
62 60
60 34
34 93
93 70
70 74
74 39
39 65
65 80
80 76
76 73
46 51
46 30
56 51
56 5
26 85
26 67
26 27
26 84
51 85
51 32
51 67
51 79
51 5
49 67
49 27
85 30
85 27
32 30
32 27
32 5
67 79
67 27
30 35
30 21
30 28
30 52
79 5
79 2
79 19
79 82
79 94
27 95
5 35
5 59
84 35
84 28
84 94
2 21
2 28
2 52
2 19
2 41
35 88
21 28
21 52
21 19
21 82
21 23
88 52
88 19
88 63
28 19
28 41
28 59
28 33
52 41
52 82
52 23
52 33
19 82
19 23
19 95
19 0
41 17
82 59
82 44
82 45
23 0
23 59
95 0
95 59
95 64
95 37
94 59
94 17
0 33
0 98
0 37
59 33
59 91
59 61
59 3
17 91
17 37
17 86
17 54
33 61
33 98
33 25
91 44
91 37
61 98
61 44
61 63
61 31
64 63
98 37
98 86
98 45
44 1
37 86
37 63
37 31
37 53
37 78
1 45
86 63
86 53
86 20
86 7
3 31
3 53
45 31
45 53
45 40
63 25
63 20
63 24
63 4
31 53
31 24
31 54
31 12
25 20
25 24
25 7
25 12
25 42
53 75
53 9
53 18
20 75
20 7
20 78
20 48
20 9
24 75
24 48
54 75
54 7
54 78
54 9
4 12
4 48
4 9
75 78
75 48
75 9
75 50
7 48
7 9
7 47
7 50
78 9
78 47
78 36
78 55
78 77
12 9
48 47
48 38
48 36
48 55
48 18
48 77
48 13
9 38
9 36
9 55
9 18
47 36
47 66
38 36
38 22
38 55
42 22
42 55
36 18
36 50
36 69
36 16
36 6
36 43
22 18
22 69
22 16
22 99
55 50
55 69
55 16
55 58
55 96
18 69
18 16
18 6
18 40
18 97
50 90
69 96
69 43
69 8
16 6
77 99
77 58
6 58
6 66
99 66
99 57
99 97
99 83
99 90
58 66
58 43
58 11
40 11
40 57
40 68
96 43
96 57
96 97
96 29
96 73
66 57
66 97
66 72
13 11
43 57
43 15
11 97
11 83
57 83
57 15
57 90
57 14
57 29
97 15
97 90
97 29
97 81
83 90
83 14
83 8
83 87
15 92
90 89
90 71
14 29
14 71
14 62
89 68
89 87
89 71
29 8
29 87
29 81
29 92
29 72
68 71
68 62
8 81
8 62
87 10
87 70
71 10
81 62
81 39
81 80
92 62
72 34
72 93
62 34
62 93
62 39
60 93
34 70
34 74
93 39
93 80
93 76
70 80
74 65
74 80
74 73
39 80
39 76
65 76
65 73
80 73
100 410
59 11
11 82
82 80
80 41
41 10
10 3
3 64
64 9
9 49
49 46
46 38
38 79
79 97
97 40
40 73
73 93
93 62
62 6
6 67
67 19
19 15
15 43
43 14
14 85
85 50
50 22
22 53
53 74
74 32
32 34
34 75
75 88
88 5
5 39
39 21
21 61
61 52
52 20
20 23
23 86
86 78
78 12
12 0
0 55
55 1
1 89
89 18
18 28
28 2
2 83
83 71
71 65
65 47
47 98
98 42
42 33
33 77
77 81
81 99
99 44
44 51
51 96
96 7
7 25
25 37
37 58
58 8
8 72
72 90
90 56
56 69
69 48
48 30
30 27
27 70
70 36
36 17
17 92
92 45
45 54
54 63
63 91
91 84
84 87
87 24
24 4
4 68
68 76
76 60
60 13
13 31
31 29
29 94
94 95
95 35
35 16
16 26
26 57
57 66
59 80
59 41
59 10
11 80
11 41
11 49
11 46
82 10
82 3
82 64
82 49
80 10
80 3
80 34
41 46
41 19
10 9
10 46
10 19
3 9
3 49
3 46
3 79
3 73
64 49
64 46
9 46
9 38
9 79
9 97
9 40
49 19
46 79
46 73
38 97
38 73
38 93
79 40
97 73
97 93
97 62
97 19
40 6
73 62
73 78
93 6
93 67
93 15
62 67
62 15
62 50
6 19
6 15
6 43
6 14
6 85
67 15
67 43
67 50
19 43
19 14
19 74
19 32
19 39
15 85
15 50
15 32
15 88
15 0
43 50
43 22
43 53
43 74
43 32
43 23
85 22
85 53
85 34
85 75
85 5
85 39
50 53
50 34
50 75
50 39
22 74
22 32
22 88
53 32
53 88
74 75
74 21
32 75
32 88
32 39
32 61
34 88
34 5
75 5
75 20
88 39
88 21
88 61
88 20
88 86
88 12
5 21
5 89
39 61
39 52
39 86
21 52
21 20
21 86
61 20
61 23
61 86
52 23
52 78
52 55
20 86
20 78
23 12
86 12
86 71
86 33
86 77
78 0
78 1
78 89
78 28
78 2
78 83
78 77
12 55
12 1
12 28
12 47
0 1
0 89
0 28
0 2
0 71
0 33
0 8
55 89
55 18
55 71
1 2
1 83
1 71
1 51
89 2
18 2
18 65
18 98
18 77
28 83
28 71
28 65
28 98
28 42
2 71
2 65
2 47
2 98
83 65
83 81
83 51
71 47
71 98
71 81
65 44
47 33
47 81
47 44
47 90
98 81
98 37
42 77
42 81
42 99
42 7
33 44
33 51
33 96
77 99
77 8
81 44
81 8
99 51
99 7
99 37
44 7
44 8
44 72
51 37
51 72
96 37
96 58
96 90
7 37
7 72
7 27
25 58
25 8
25 90
25 48
25 54
37 72
37 90
37 56
37 36
37 17
37 76
58 69
58 48
58 30
58 54
8 90
8 56
8 69
8 36
8 29
72 27
90 69
90 48
90 30
90 70
90 76
56 30
56 27
56 54
69 30
69 36
69 4
48 70
48 17
48 92
48 24
30 92
30 63
30 87
27 36
27 17
27 92
27 54
70 17
70 92
70 63
70 87
70 68
36 92
36 45
36 63
36 84
36 87
17 87
92 63
92 87
45 87
45 24
45 35
54 91
54 24
54 76
63 84
63 87
63 24
63 68
63 60
63 31
91 87
91 4
91 68
84 24
84 68
84 31
84 16
84 57
87 4
87 68
87 13
24 68
24 76
24 60
4 60
68 13
68 29
68 26
76 31
76 29
60 31
60 35
60 26
13 94
13 95
13 57
31 94
31 95
31 57
29 35
29 26
29 66
94 35
94 16
95 26
95 66
35 26
35 57
26 66
100 412
72 36
36 50
50 17
17 22
22 65
65 78
78 6
6 12
12 73
73 18
18 58
58 82
82 53
53 60
60 35
35 9
9 16
16 33
33 89
89 77
77 91
91 7
7 42
42 80
80 21
21 44
44 24
24 56
56 40
40 84
84 75
75 11
11 37
37 55
55 3
3 93
93 30
30 32
32 90
90 51
51 31
31 29
29 28
28 57
57 96
96 98
98 67
67 26
26 45
45 59
59 47
47 41
41 20
20 2
2 79
79 39
39 97
97 10
10 86
86 62
62 71
71 4
4 38
38 70
70 94
94 99
99 54
54 64
64 14
14 83
83 74
74 63
63 92
92 5
5 81
81 0
0 88
88 13
13 25
25 8
8 46
46 48
48 34
34 69
69 61
61 85
85 87
87 66
66 23
23 52
52 76
76 95
95 19
19 68
68 27
27 49
49 1
1 15
15 43
72 50
72 73
72 18
36 65
36 58
50 65
50 78
50 12
17 65
22 78
65 6
65 73
65 82
65 53
78 12
78 18
78 9
6 73
6 18
6 82
6 89
6 77
6 37
12 18
12 53
12 89
12 42
73 58
73 82
73 53
18 82
18 53
18 60
18 35
58 53
58 33
58 77
82 60
82 35
82 33
82 89
53 9
53 77
53 91
53 7
60 9
60 16
60 33
35 16
35 33
35 91
35 7
9 89
16 89
16 77
16 91
33 77
33 91
33 42
33 21
33 75
89 91
89 80
89 11
77 44
77 84
77 11
91 80
91 44
91 24
91 11
7 80
7 24
7 75
42 21
42 24
42 40
42 75
80 44
80 84
80 75
80 32
21 24
21 40
21 93
44 56
44 84
44 75
44 37
24 40
24 84
24 75
56 84
56 75
56 32
56 31
40 75
40 93
40 30
84 11
84 55
84 41
75 37
75 55
75 93
11 55
11 90
11 51
37 93
37 30
55 93
55 30
55 31
55 57
3 28
93 32
93 31
93 28
93 96
93 67
93 26
30 47
32 29
90 31
90 29
90 57
90 96
90 45
90 41
51 29
51 96
51 67
51 79
51 97
31 96
31 67
31 26
29 98
29 67
28 98
28 67
28 59
57 98
57 26
57 20
96 26
96 45
98 45
98 47
67 45
67 41
67 2
67 86
26 20
26 39
26 10
45 41
45 81
59 41
59 20
59 79
59 39
59 62
59 64
59 8
47 20
47 62
47 71
41 2
41 39
41 94
20 79
20 86
2 39
2 10
2 86
2 62
2 71
2 38
79 10
79 86
79 62
39 10
39 62
39 38
97 86
97 62
97 71
97 4
10 62
10 94
10 83
10 63
86 71
86 4
86 38
86 64
62 70
71 38
71 70
71 99
71 83
4 70
4 94
4 83
38 94
38 99
38 74
38 8
38 48
70 14
70 63
70 81
70 0
70 25
94 64
94 14
94 83
94 92
94 5
94 81
99 64
99 81
54 14
54 92
54 5
64 83
64 74
14 63
14 5
83 63
83 92
83 81
83 0
83 88
83 25
74 0
74 13
63 5
63 81
63 88
63 8
92 88
92 8
5 0
5 88
5 13
5 27
81 88
81 25
81 46
81 87
81 68
0 13
0 25
0 8
88 25
88 46
88 34
88 61
13 8
13 46
13 69
25 46
25 48
25 61
8 48
8 34
8 87
8 52
46 34
46 69
46 61
46 68
48 69
48 61
48 85
48 87
48 66
48 76
34 61
34 19
69 85
69 87
61 87
61 76
61 49
85 66
85 52
85 49
87 23
87 95
66 52
66 76
23 76
23 19
23 68
23 43
52 68
52 49
52 1
95 68
95 49
95 1
95 15
19 15
68 49
68 1
27 15
27 43
49 15
49 43
1 43
100 390
43 13
13 39
39 37
37 38
38 15
15 22
22 10
10 31
31 11
11 35
35 89
89 4
4 55
55 68
68 82
82 23
23 54
54 6
6 99
99 57
57 98
98 80
80 32
32 52
52 36
36 47
47 27
27 8
8 30
30 72
72 76
76 56
56 60
60 59
59 58
58 7
7 42
42 62
62 14
14 20
20 73
73 61
61 48
48 44
44 79
79 0
0 34
34 65
65 21
21 92
92 87
87 33
33 75
75 28
28 67
67 84
84 69
69 74
74 1
1 53
53 66
66 90
90 63
63 81
81 94
94 91
91 5
5 25
25 45
45 78
78 88
88 46
46 77
77 24
24 9
9 64
64 70
70 29
29 97
97 18
18 85
85 86
86 93
93 49
49 2
2 96
96 17
17 26
26 95
95 71
71 19
19 16
16 40
40 50
50 51
51 83
83 3
3 12
12 41
43 37
13 38
13 22
13 35
39 38
39 22
39 4
37 10
38 22
38 35
38 4
15 10
15 31
15 11
15 35
22 31
22 55
10 11
10 35
10 89
10 55
10 68
10 99
10 80
31 89
31 4
31 68
31 82
31 23
31 30
11 89
11 55
11 82
35 55
89 55
89 68
89 82
89 54
89 32
4 82
4 23
55 82
55 54
55 6
55 99
55 52
55 30
55 62
68 23
68 80
82 54
82 6
82 57
23 6
23 98
23 76
54 57
54 98
54 52
54 27
6 80
6 52
6 8
99 32
99 52
99 36
57 80
57 32
57 47
57 59
98 47
98 30
80 36
80 72
80 76
80 42
32 47
32 27
52 47
52 8
36 27
36 8
36 72
36 62
47 8
47 30
47 72
47 76
47 56
47 58
47 48
27 30
27 56
27 60
27 42
27 20
8 59
8 14
30 76
30 56
30 59
30 58
30 7
30 42
30 14
72 44
76 60
76 58
76 7
76 62
56 7
56 42
56 48
56 34
60 7
60 42
60 62
59 7
59 42
59 48
59 87
7 62
7 14
7 79
42 20
42 73
42 21
62 20
14 48
14 69
20 61
20 44
20 33
73 92
73 53
61 44
61 65
61 33
48 0
48 75
44 9
79 34
79 65
79 92
79 87
79 33
0 65
0 92
34 21
34 87
34 33
34 28
65 92
65 75
21 87
21 33
92 33
92 67
92 74
92 53
87 75
87 74
33 67
33 77
75 67
75 84
75 90
75 94
28 84
67 69
67 74
67 53
67 66
67 63
84 74
84 1
69 66
69 63
69 81
74 53
74 66
74 90
74 63
74 64
1 66
53 81
53 94
66 63
66 25
90 9
63 94
63 91
63 25
63 77
81 5
81 78
94 78
94 88
94 9
94 85
91 25
91 46
5 45
5 78
5 88
5 64
25 78
25 24
25 85
45 88
45 9
45 64
45 70
78 46
78 24
88 77
88 24
88 9
88 18
88 49
46 24
46 9
77 9
77 70
77 97
77 93
77 2
24 64
9 29
9 85
64 85
64 93
70 85
70 93
70 17
29 18
29 93
29 49
97 86
97 17
18 86
18 93
18 49
18 2
18 96
85 93
85 49
85 17
85 51
86 49
86 17
86 26
93 96
93 17
93 26
93 95
93 19
93 16
93 3
49 96
49 95
49 19
2 17
2 16
2 50
2 51
2 3
2 12
96 71
96 19
17 95
17 71
17 19
17 16
17 50
17 83
17 12
26 40
95 19
95 51
95 83
71 16
71 83
71 41
19 51
19 3
16 50
50 3
50 12
51 12
51 41
100 407
75 5
5 62
62 50
50 73
73 43
43 78
78 28
28 7
7 47
47 68
68 88
88 56
56 3
3 42
42 0
0 8
8 21
21 35
35 30
30 1
1 19
19 16
16 36
36 53
53 79
79 44
44 91
91 99
99 89
89 71
71 51
51 17
17 38
38 94
94 60
60 18
18 40
40 81
81 66
66 22
22 13
13 85
85 76
76 33
33 97
97 69
69 74
74 83
83 9
9 34
34 37
37 11
11 82
82 77
77 49
49 39
39 41
41 52
52 48
48 32
32 14
14 12
12 57
57 61
61 87
87 54
54 90
90 29
29 23
23 86
86 20
20 84
84 93
93 10
10 70
70 72
72 64
64 95
95 24
24 2
2 31
31 65
65 26
26 67
67 4
4 45
45 55
55 80
80 46
46 63
63 27
27 59
59 58
58 98
98 92
92 15
15 25
25 6
6 96
75 62
75 73
5 50
5 73
5 7
5 47
5 56
62 42
50 43
50 47
73 78
73 68
73 88
43 28
43 7
43 47
43 68
43 56
43 0
78 7
78 68
78 0
78 8
78 21
78 35
28 47
28 3
28 1
28 19
7 68
7 56
7 8
47 88
47 56
47 3
47 35
47 99
68 35
68 30
88 3
88 8
88 16
56 42
56 1
56 44
3 0
42 8
42 35
0 21
0 35
0 1
0 19
8 35
8 30
8 36
8 89
21 30
21 1
21 99
35 1
35 16
35 99
30 19
30 16
30 38
30 60
1 16
1 71
19 36
19 53
19 44
19 51
19 94
16 53
16 44
16 40
36 79
36 89
53 89
79 91
79 99
79 40
44 99
44 89
44 51
44 17
44 94
91 89
91 71
91 51
91 38
91 66
91 39
99 51
99 94
89 51
89 17
89 94
89 18
89 22
89 97
71 38
71 60
71 81
71 22
51 38
51 60
51 18
51 81
17 94
17 18
38 60
38 40
38 81
38 13
94 18
94 13
94 33
60 40
60 22
60 13
60 33
60 37
18 33
40 66
40 13
40 74
81 22
81 13
81 85
81 33
66 13
66 85
66 76
66 33
22 85
22 76
22 33
22 97
22 69
13 76
13 69
13 52
85 33
85 97
85 69
85 34
76 69
76 74
76 34
76 61
33 69
33 9
33 34
33 82
97 74
97 9
97 34
69 9
69 34
69 52
69 14
74 9
74 32
83 34
83 26
9 37
9 11
34 82
37 77
37 52
11 77
11 39
11 52
11 48
11 61
82 49
82 39
82 41
82 52
77 39
77 48
77 54
49 52
49 14
49 87
39 52
39 48
39 57
39 61
41 14
41 12
41 54
41 20
52 12
52 57
52 87
48 14
48 12
32 61
32 87
32 54
14 57
14 87
14 29
14 23
12 87
12 54
12 90
57 87
57 90
57 84
61 90
61 29
61 23
61 20
61 84
61 2
87 29
87 20
87 84
54 29
54 23
54 86
54 93
90 84
29 86
29 93
23 20
23 84
23 2
86 93
86 10
86 64
86 95
20 70
84 70
84 95
84 31
93 70
93 95
10 64
10 45
70 31
70 65
72 95
72 55
64 24
64 2
64 65
64 4
64 46
64 27
95 2
95 26
95 67
24 67
2 65
2 67
2 55
2 46
2 63
31 26
31 67
31 4
31 55
31 80
31 46
65 67
65 45
65 59
26 4
26 45
26 55
26 46
26 27
67 45
67 55
67 80
67 63
67 59
67 6
4 55
4 80
45 46
45 63
55 46
55 63
55 58
80 63
80 27
80 58
80 15
46 27
46 15
63 58
63 92
63 15
27 58
27 96
59 98
59 92
59 15
98 25
92 25
92 6
15 6
15 96
100 402
4 72
72 9
9 34
34 22
22 20
20 48
48 29
29 97
97 13
13 28
28 1
1 67
67 25
25 35
35 14
14 98
98 27
27 33
33 79
79 53
53 6
6 0
0 68
68 32
32 76
76 93
93 59
59 63
63 2
2 75
75 46
46 12
12 57
57 45
45 10
10 42
42 73
73 71
71 23
23 87
87 16
16 60
60 5
5 30
30 86
86 95
95 77
77 40
40 21
21 92
92 47
47 69
69 41
41 94
94 99
99 70
70 7
7 65
65 88
88 61
61 83
83 38
38 78
78 54
54 56
56 90
90 51
51 84
84 89
89 36
36 43
43 82
82 52
52 55
55 3
3 81
81 49
49 64
64 19
19 58
58 15
15 11
11 37
37 39
39 24
24 8
8 50
50 17
17 18
18 80
80 96
96 74
74 26
26 44
44 66
66 62
62 85
85 91
91 31
4 34
4 22
72 28
9 48
9 1
34 13
34 28
22 48
22 29
22 13
20 29
20 97
20 14
48 97
48 13
29 13
29 28
29 1
29 25
29 35
29 45
97 28
97 1
97 67
97 98
97 79
13 25
13 35
28 14
28 79
28 93
1 25
1 35
1 6
67 35
67 98
67 46
25 14
25 98
25 27
25 0
35 98
35 79
35 68
14 27
14 33
14 53
14 6
14 93
98 33
98 79
98 6
98 75
98 23
27 53
27 6
27 0
27 68
27 32
27 93
33 68
79 0
79 32
79 59
79 75
53 0
53 68
53 42
0 32
0 76
0 2
68 93
68 59
68 75
32 93
32 63
32 2
32 75
32 73
93 63
93 2
93 71
93 60
59 75
59 46
59 12
59 45
59 42
59 71
63 75
63 46
63 42
2 12
2 73
75 12
75 57
75 10
75 42
75 5
75 40
46 57
46 71
46 87
12 45
57 10
57 73
57 95
45 73
45 23
45 21
45 88
10 73
10 71
42 71
42 5
42 30
42 86
73 23
73 60
73 5
73 30
73 99
71 60
71 41
23 16
23 5
23 86
23 95
23 92
23 41
87 86
87 95
16 5
16 86
16 95
60 30
60 86
60 95
5 86
5 41
5 7
30 95
30 77
86 77
86 40
86 92
86 69
86 41
86 61
95 40
95 21
95 47
95 99
77 21
40 92
40 47
40 69
21 69
21 41
21 70
92 69
92 56
92 64
47 41
47 78
69 94
69 99
69 7
69 65
69 88
69 61
69 51
41 99
41 70
41 65
41 83
41 90
94 70
94 65
94 88
99 7
99 65
99 83
99 54
99 56
70 65
70 38
7 83
7 38
7 78
7 90
65 56
65 89
65 49
88 83
88 38
88 78
61 38
61 56
61 51
61 43
83 78
83 54
83 56
38 54
78 51
78 84
54 90
54 51
54 89
56 89
56 43
56 58
90 89
90 43
90 82
90 3
51 89
51 43
51 82
84 52
84 55
89 43
89 52
89 55
36 3
43 52
43 55
43 19
82 55
82 3
82 81
82 39
52 81
52 49
52 19
52 15
55 81
55 15
3 19
81 64
81 19
81 15
81 37
49 19
49 58
49 39
49 24
64 58
64 15
64 8
64 96
19 15
19 11
19 17
58 11
58 37
58 39
58 24
15 44
11 24
11 17
11 26
11 85
11 31
37 24
37 8
37 44
39 50
39 85
24 50
24 17
8 17
8 96
8 26
50 74
50 91
17 80
17 96
17 74
17 44
17 62
18 96
18 74
18 26
80 26
80 66
96 26
96 44
96 62
74 44
74 62
74 85
26 66
26 91
44 62
44 85
44 31
66 85
66 91
66 31
62 91
62 31
100 375
4 37
37 5
5 90
90 79
79 75
75 49
49 3
3 61
61 23
23 57
57 38
38 55
55 26
26 13
13 59
59 93
93 14
14 45
45 0
0 10
10 95
95 64
64 34
34 44
44 11
11 22
22 25
25 63
63 47
47 30
30 24
24 18
18 28
28 56
56 2
2 89
89 85
85 91
91 12
12 80
80 99
99 97
97 20
20 52
52 77
77 58
58 8
8 92
92 74
74 86
86 41
41 42
42 19
19 31
31 1
1 7
7 16
16 94
94 70
70 67
67 83
83 29
29 72
72 40
40 21
21 68
68 6
6 54
54 65
65 46
46 32
32 33
33 39
39 76
76 66
66 84
84 82
82 48
48 36
36 69
69 9
9 71
71 60
60 53
53 98
98 96
96 87
87 81
81 78
78 73
73 51
51 17
17 43
43 50
50 35
35 27
27 15
15 62
62 88
4 5
4 49
37 75
37 38
5 79
5 75
5 57
5 38
5 34
90 75
90 3
79 61
79 14
75 3
75 55
49 61
49 23
49 10
3 23
3 57
61 57
61 13
61 59
61 89
23 38
23 13
57 55
57 13
38 59
55 13
55 59
55 93
55 14
55 10
55 64
26 95
13 93
13 14
59 14
59 64
59 11
93 45
93 10
93 95
93 64
93 34
93 30
93 20
14 0
14 44
45 10
45 95
45 34
0 95
0 22
0 97
10 11
10 30
10 99
95 44
95 11
95 28
95 2
64 11
64 22
64 25
64 18
34 11
34 22
34 25
34 63
34 30
44 47
44 30
44 56
11 25
22 18
25 47
25 30
25 24
25 18
25 80
63 30
63 24
63 18
63 2
63 85
47 24
30 89
24 56
18 56
18 2
18 12
28 12
28 99
28 97
56 89
56 85
56 77
2 85
89 91
89 12
89 80
89 99
85 99
85 97
85 20
85 8
91 80
91 99
91 97
91 20
91 52
91 77
12 99
12 77
12 58
80 97
80 20
80 77
80 8
80 74
99 20
99 52
99 77
99 8
99 92
97 52
97 77
97 92
97 86
97 70
20 77
20 74
20 41
20 42
52 8
52 92
52 74
52 41
77 8
77 86
58 92
58 86
58 41
58 7
8 42
8 19
8 1
8 16
92 41
74 41
74 42
74 19
74 31
74 1
74 29
86 19
41 7
41 83
42 16
42 94
19 1
31 16
31 83
1 72
7 94
7 70
7 83
7 29
7 68
16 70
16 83
16 29
94 67
94 84
70 72
70 40
70 21
67 29
67 40
83 39
72 68
72 6
72 65
72 66
40 68
40 33
21 6
68 54
68 65
6 65
6 46
6 32
6 33
6 39
6 76
6 66
6 84
54 46
54 32
54 33
65 32
65 33
46 33
46 39
46 48
46 69
32 39
33 76
33 36
39 84
39 82
39 48
39 36
39 69
76 36
66 48
66 53
66 87
84 48
84 36
84 51
82 36
82 69
82 60
82 98
48 69
48 9
48 71
36 71
36 81
69 71
69 60
9 60
9 87
9 51
71 53
71 78
60 81
60 73
53 96
53 87
53 81
98 87
98 17
96 81
96 73
96 51
87 78
87 73
87 51
87 15
81 17
81 15
81 88
78 51
78 17
73 17
73 27
73 88
51 35
51 88
17 50
17 27
17 15
43 35
43 27
43 15
43 88
50 15
35 15
35 62
35 88
27 62
15 88
100 408
13 86
86 9
9 14
14 30
30 15
15 64
64 7
7 95
95 67
67 66
66 35
35 83
83 87
87 79
79 53
53 56
56 46
46 19
19 8
8 89
89 88
88 47
47 50
50 49
49 1
1 58
58 96
96 52
52 84
84 41
41 93
93 57
57 91
91 85
85 40
40 77
77 48
48 61
61 36
36 71
71 28
28 0
0 73
73 45
45 92
92 20
20 16
16 4
4 37
37 23
23 55
55 74
74 32
32 59
59 2
2 12
12 31
31 38
38 29
29 94
94 10
10 78
78 69
69 54
54 62
62 76
76 24
24 60
60 21
21 70
70 97
97 3
3 75
75 68
68 34
34 33
33 22
22 65
65 17
17 18
18 80
80 99
99 90
90 5
5 44
44 81
81 25
25 11
11 26
26 72
72 82
82 98
98 63
63 51
51 6
6 27
27 42
42 39
39 43
13 9
13 15
13 64
13 67
13 46
13 47
86 30
86 15
86 83
9 30
9 15
9 83
14 15
14 64
14 67
30 7
30 66
15 66
64 95
64 67
64 35
64 83
64 79
64 46
7 67
7 66
7 35
7 8
7 88
95 66
67 35
67 83
67 87
67 53
67 8
66 83
66 79
66 53
66 19
35 87
35 1
83 79
87 53
87 8
79 56
79 46
79 8
79 89
79 50
79 93
53 46
53 19
53 88
53 50
53 93
56 19
56 8
56 89
56 47
56 50
56 58
46 8
46 47
46 50
46 96
19 88
19 93
8 1
8 41
89 47
89 50
89 49
89 58
88 58
47 96
47 91
50 1
50 52
50 84
50 61
49 96
1 96
1 52
1 84
1 57
1 40
58 41
58 93
58 77
58 92
96 84
96 41
52 41
52 93
52 85
52 77
52 23
84 61
84 71
41 57
41 91
41 85
41 40
41 4
93 91
93 40
93 36
57 85
57 40
57 77
91 40
91 77
91 48
91 36
85 77
85 73
85 4
40 48
40 36
40 73
40 16
48 71
48 28
48 0
48 92
61 71
61 0
61 73
61 45
61 20
61 55
36 0
36 73
36 20
71 45
71 92
71 20
71 37
28 73
28 92
28 20
28 16
28 2
0 4
0 55
73 92
73 20
73 37
73 55
45 20
45 23
45 2
45 38
92 16
92 4
92 37
92 74
92 38
20 37
16 37
16 55
16 32
16 59
16 12
16 94
4 23
4 74
37 74
37 32
37 59
37 29
23 74
23 32
55 32
55 2
55 12
74 59
74 2
74 12
74 10
32 2
32 12
32 31
32 94
32 54
59 12
59 38
59 29
59 69
59 54
2 31
2 38
12 38
12 10
31 29
31 94
31 10
31 78
31 69
38 94
38 54
38 97
29 10
29 69
29 54
29 34
94 78
94 69
94 62
94 17
10 69
10 62
10 24
78 62
78 76
78 75
69 62
69 24
54 76
54 24
62 70
76 65
76 81
24 70
24 97
24 99
60 70
60 97
60 3
60 75
21 75
21 18
97 75
97 65
3 68
3 34
3 22
75 34
75 33
75 80
68 33
68 22
34 22
34 65
33 65
33 17
33 80
33 90
33 5
33 25
22 17
22 18
22 80
22 99
22 90
22 44
65 99
65 81
65 72
17 80
17 5
17 44
17 25
18 90
18 98
80 90
80 5
80 98
99 44
99 26
90 81
90 25
90 26
90 72
5 81
5 26
5 98
5 51
44 11
44 98
44 6
44 43
81 11
81 72
81 27
25 26
25 51
11 72
11 98
11 51
11 27
11 42
26 63
26 51
72 6
82 63
82 6
98 51
98 6
98 39
63 6
63 27
63 42
63 43
51 42
6 42
6 43
27 39
27 43
